-13.5979 70.5877 0.221879 -0.00220138 0.009881 0.773462 0.633761 0 0 0 0 0 0
-13.8001 71.6083 0.215149 -0.00238396 0.0110418 0.773547 0.633638 0 0 0 0 0 0
-14.005 72.6232 0.211532 -0.0027688 0.0121386 0.773758 0.633359 0 0 0 0 0 0
-14.2292 73.7354 0.204893 -0.002076 0.0120521 0.773947 0.633132 0 0 0 0 0 0
-14.4353 74.7385 0.197821 -0.000688303 0.0107789 0.774097 0.632975 0 0 0 0 0 0
-14.6632 75.8435 0.192445 2.40831e-05 0.00976268 0.774311 0.632729 0 0 0 0 0 0
-14.876 76.8458 0.193477 -0.0012014 0.00949101 0.774485 0.63252 0 0 0 0 0 0
-15.0874 77.8508 0.193408 -0.00299385 0.0104055 0.774676 0.632265 0 0 0 0 0 0
-15.3205 78.9522 0.191414 -0.00518718 0.0112204 0.774893 0.631971 0 0 0 0 0 0
-15.5299 79.9496 0.182124 -0.00598211 0.0111648 0.775023 0.631807 0 0 0 0 0 0
-15.7575 81.0379 0.168494 -0.00500097 0.0104578 0.775199 0.631611 0 0 0 0 0 0
-15.9631 82.023 0.15883 -0.00453142 0.0102084 0.775389 0.631386 0 0 0 0 0 0
-16.187 83.0956 0.145254 -0.00449344 0.0104391 0.775553 0.63118 0 0 0 0 0 0
-16.3868 84.059 0.134332 -0.00417364 0.010977 0.775762 0.630917 0 0 0 0 0 0
-16.5851 85.0101 0.122371 -0.00426712 0.0120016 0.77595 0.630666 0 0 0 0 0 0
-16.8032 86.0367 0.111775 -0.00535133 0.0128203 0.776108 0.630447 0 0 0 0 0 0
-16.9977 86.9514 0.102998 -0.00561548 0.0135346 0.776389 0.630083 0 0 0 0 0 0
-17.2109 87.933 0.0969094 -0.00525878 0.0139578 0.777068 0.62924 0 0 0 0 0 0
-17.4007 88.8054 0.0915813 -0.00475293 0.0141068 0.778049 0.628027 0 0 0 0 0 0
-17.5908 89.6549 0.0872456 -0.00440426 0.0138012 0.779094 0.62674 0 0 0 0 0 0
-17.7955 90.5676 0.0825766 -0.00419996 0.0138985 0.780117 0.625466 0 0 0 0 0 0
-17.9848 91.3749 0.0868739 -0.00505754 0.0140091 0.781077 0.624257 0 0 0 0 0 0
-18.188 92.2358 0.0857434 -0.0057355 0.013925 0.782083 0.622993 0 0 0 0 0 0
-18.373 92.9952 0.0850781 -0.00655574 0.0140768 0.782966 0.621871 0 0 0 0 0 0
-18.5713 93.802 0.0804257 -0.00737153 0.0137523 0.78387 0.620729 0 0 0 0 0 0
-18.7515 94.5084 0.0808737 -0.00819143 0.0131581 0.784606 0.619801 0 0 0 0 0 0
-18.9258 95.1859 0.0826077 -0.00843028 0.0121692 0.785427 0.618778 0 0 0 0 0 0
-19.1106 95.8986 0.0847881 -0.00751641 0.0103849 0.786276 0.617742 0 0 0 0 0 0
-19.2733 96.5174 0.0846506 -0.00678401 0.00826068 0.787021 0.616834 0 0 0 0 0 0
-19.4441 97.1676 0.0896145 -0.00637674 0.00649097 0.787731 0.615952 0 0 0 0 0 0
-19.5921 97.7321 0.0969496 -0.00641009 0.00548697 0.788033 0.615575 0 0 0 0 0 0
-19.7357 98.2737 0.104956 -0.0073297 0.00471126 0.787833 0.615828 0 0 0 0 0 0
-19.888 98.8483 0.116675 -0.0092521 0.00379424 0.78695 0.616936 0 0 0 0 0 0
-20.016 99.3506 0.125042 -0.0107899 0.00324017 0.785392 0.618896 0 0 0 0 0 0
-20.1421 99.8809 0.130758 -0.0118888 0.00355612 0.78304 0.621847 0 0 0 0 0 0
-20.2449 100.344 0.133264 -0.0128954 0.00442976 0.780215 0.625363 0 0 0 0 0 0
-20.3482 100.833 0.142296 -0.0135048 0.00510945 0.776343 0.630145 0 0 0 0 0 0
-20.4306 101.256 0.148734 -0.0135428 0.00545847 0.772311 0.635077 0 0 0 0 0 0
-20.5087 101.704 0.158727 -0.0133899 0.00534739 0.767241 0.641197 0 0 0 0 0 0
-20.5679 102.102 0.162932 -0.0122174 0.00502204 0.761753 0.647733 0 0 0 0 0 0
-20.6174 102.493 0.170982 -0.01069 0.00391618 0.755248 0.65534 0 0 0 0 0 0
-20.6551 102.916 0.173772 -0.00835226 0.00319498 0.746841 0.664943 0 0 0 0 0 0
-20.6769 103.297 0.182047 -0.0069243 0.00326119 0.738169 0.674572 0 0 0 0 0 0
-20.6852 103.707 0.184734 -0.00585781 0.00396511 0.727477 0.686096 0 0 0 0 0 0
-20.679 104.075 0.190416 -0.00480801 0.0044228 0.716767 0.697282 0 0 0 0 0 0
-20.6552 104.472 0.196512 -0.00347432 0.00496226 0.703468 0.710702 0 0 0 0 0 0
-20.6177 104.83 0.204389 -0.00248875 0.00607193 0.690093 0.723691 0 0 0 0 0 0
-20.5599 105.213 0.20807 -0.0016045 0.00680273 0.67427 0.738452 0 0 0 0 0 0
-20.4969 105.556 0.214104 -0.00168712 0.00644392 0.658914 0.752189 0 0 0 0 0 0
-20.4216 105.891 0.216131 -0.0027263 0.00561343 0.642062 0.766628 0 0 0 0 0 0
-20.3182 106.253 0.218019 -0.00353149 0.00596417 0.622589 0.782518 0 0 0 0 0 0
-20.2052 106.573 0.217585 -0.0041739 0.00656646 0.60433 0.796696 0 0 0 0 0 0
-20.064 106.912 0.217354 -0.00377846 0.00698758 0.583157 0.812321 0 0 0 0 0 0
-19.9218 107.211 0.217469 -0.00324534 0.00650793 0.563641 0.825988 0 0 0 0 0 0
-19.7518 107.531 0.217283 -0.00273279 0.00514517 0.541612 0.840608 0 0 0 0 0 0
-19.5857 107.817 0.215476 -0.00290353 0.00282596 0.520677 0.853744 0 0 0 0 0 0
-19.3862 108.127 0.208599 -0.00400723 -8.5063e-05 0.496546 0.868001 0 0 0 0 0 0
-19.1877 108.402 0.20204 -0.0053963 -0.0021372 0.473486 0.880782 0 0 0 0 0 0
-18.9699 108.664 0.200594 -0.00545672 -0.00250298 0.45 0.893009 0 0 0 0 0 0
-18.7047 108.939 0.199555 -0.00454389 -0.00128023 0.424126 0.905591 0 0 0 0 0 0
-18.4486 109.182 0.196001 -0.00555559 3.92686e-05 0.399713 0.916624 0 0 0 0 0 0
-18.149 109.436 0.192253 -0.00645647 0.00109111 0.372235 0.928115 0 0 0 0 0 0
-17.8603 109.652 0.19147 -0.00707204 0.00226843 0.34712 0.937791 0 0 0 0 0 0
-17.5231 109.874 0.190987 -0.00737611 0.0046039 0.318505 0.947881 0 0 0 0 0 0
-17.2071 110.066 0.191642 -0.00948806 0.0049333 0.292412 0.956233 0 0 0 0 0 0
-16.8804 110.245 0.19004 -0.0115729 0.00302468 0.267033 0.963613 0 0 0 0 0 0
-16.5053 110.425 0.182517 -0.0119122 -5.56724e-06 0.239747 0.970762 0 0 0 0 0 0
-16.1448 110.577 0.179476 -0.0117934 -0.00124691 0.216802 0.976144 0 0 0 0 0 0
-15.7258 110.726 0.179018 -0.00896178 -0.00119977 0.194485 0.980864 0 0 0 0 0 0
-15.3267 110.848 0.177889 -0.00550146 -0.00105057 0.177218 0.984156 0 0 0 0 0 0
-14.873 110.981 0.175597 -0.00319519 -0.00185225 0.160868 0.986969 0 0 0 0 0 0
-14.4424 111.106 0.17982 -0.00453112 -0.00104984 0.147245 0.989089 0 0 0 0 0 0
-13.9923 111.233 0.182454 -0.00837771 0.000642146 0.134853 0.99083 0 0 0 0 0 0
-13.4767 111.364 0.185178 -0.0114916 0.00231149 0.1221 0.992449 0 0 0 0 0 0
-12.9858 111.464 0.188708 -0.0102891 0.00387311 0.11106 0.993753 0 0 0 0 0 0
-12.4776 111.549 0.190669 -0.0068508 0.00406874 0.101132 0.994841 0 0 0 0 0 0
-11.897 111.637 0.189809 -0.00415809 0.00316746 0.0915202 0.99579 0 0 0 0 0 0
-11.3529 111.725 0.179685 -0.0032389 0.000519354 0.0845006 0.996418 0 0 0 0 0 0
-10.7309 111.828 0.170294 -0.00467641 -0.00217859 0.0784381 0.996906 0 0 0 0 0 0
-10.1408 111.912 0.165899 -0.00368299 -0.00240244 0.0751642 0.997162 0 0 0 0 0 0
-9.52521 111.99 0.165337 -0.00105216 -7.81537e-05 0.073631 0.997285 0 0 0 0 0 0
-8.83387 112.086 0.163741 0.000279702 0.000610217 0.073683 0.997281 0 0 0 0 0 0
-8.18864 112.183 0.161362 2.25494e-05 0.00101011 0.0744914 0.997221 0 0 0 0 0 0
-7.4633 112.3 0.159951 -0.00223763 0.00081027 0.0752711 0.99716 0 0 0 0 0 0
-6.78917 112.402 0.153609 -0.00235055 -0.000114931 0.0757863 0.997121 0 0 0 0 0 0
-6.09986 112.506 0.149317 -0.0025942 -0.000421015 0.0761459 0.997093 0 0 0 0 0 0
-5.32526 112.622 0.148495 -0.00271543 -0.000216847 0.0764299 0.997071 0 0 0 0 0 0
-4.60668 112.737 0.151924 -0.00344553 0.000395029 0.0767642 0.997043 0 0 0 0 0 0
-3.80383 112.863 0.156418 -0.00304462 0.00115694 0.0770207 0.997024 0 0 0 0 0 0
-3.06448 112.976 0.16096 -0.00271973 0.00224261 0.0767309 0.997046 0 0 0 0 0 0
-2.32148 113.091 0.165291 -0.00381468 0.00290458 0.076113 0.997088 0 0 0 0 0 0
-1.4966 113.214 0.16623 -0.00467475 0.00337988 0.0752683 0.997147 0 0 0 0 0 0
-0.735427 113.322 0.163908 -0.00370063 0.00473755 0.0745662 0.997198 0 0 0 0 0 0
0.109771 113.44 0.162283 -0.00238398 0.00546054 0.0738698 0.99725 0 0 0 0 0 0
0.885992 113.557 0.163619 -0.0045816 0.00637325 0.0729245 0.997307 0 0 0 0 0 0
1.66324 113.674 0.160506 -0.00574331 0.00388321 0.0725147 0.997343 0 0 0 0 0 0
2.52506 113.801 0.157388 -0.0047877 0.00126015 0.0721612 0.997381 0 0 0 0 0 0
3.31534 113.919 0.158857 -0.00432228 0.000363614 0.0718045 0.997409 0 0 0 0 0 0
4.19214 114.058 0.164539 -0.00627315 0.0013121 0.0712932 0.997435 0 0 0 0 0 0
4.99186 114.188 0.173022 -0.00792273 0.00313195 0.0709528 0.997443 0 0 0 0 0 0
5.87485 114.322 0.178598 -0.00906618 0.00607716 0.0709951 0.997417 0 0 0 0 0 0
6.67861 114.45 0.179683 -0.0107818 0.00853426 0.0710503 0.997378 0 0 0 0 0 0
7.47684 114.576 0.181489 -0.0123976 0.00913359 0.0711092 0.99735 0 0 0 0 0 0
8.34518 114.704 0.185068 -0.0109273 0.00642992 0.0716142 0.997352 0 0 0 0 0 0
9.1267 114.814 0.183452 -0.00925534 0.000858585 0.0721663 0.997349 0 0 0 0 0 0
9.98835 114.937 0.186924 -0.00783645 -0.00241441 0.0724609 0.997338 0 0 0 0 0 0
10.7813 115.052 0.198532 -0.00745296 0.000456081 0.0730655 0.997299 0 0 0 0 0 0
11.5743 115.166 0.211017 -0.00645107 0.00468656 0.0736533 0.997252 0 0 0 0 0 0
12.4339 115.289 0.21833 -0.00567844 0.00622388 0.0739501 0.997226 0 0 0 0 0 0
13.2086 115.405 0.221961 -0.00604541 0.00591301 0.0739857 0.997223 0 0 0 0 0 0
14.0558 115.535 0.225462 -0.00756639 0.00534078 0.0736186 0.997243 0 0 0 0 0 0
14.8238 115.649 0.22782 -0.00850133 0.0050532 0.0727245 0.997303 0 0 0 0 0 0
15.6655 115.772 0.232855 -0.00890973 0.00528219 0.0716965 0.997373 0 0 0 0 0 0
16.4265 115.883 0.238706 -0.00923746 0.00487233 0.0706929 0.997443 0 0 0 0 0 0
17.1841 115.995 0.242634 -0.0101275 0.00465152 0.0697288 0.997504 0 0 0 0 0 0
18.0159 116.118 0.244839 -0.0112437 0.00493035 0.0686644 0.997564 0 0 0 0 0 0
18.7695 116.226 0.252269 -0.0110851 0.00571449 0.0676795 0.997629 0 0 0 0 0 0
19.5889 116.339 0.258976 -0.0112517 0.00580587 0.066638 0.997697 0 0 0 0 0 0
20.33 116.439 0.264369 -0.0113577 0.00522674 0.0657649 0.997757 0 0 0 0 0 0
21.142 116.544 0.268608 -0.0110088 0.00484629 0.0652319 0.997798 0 0 0 0 0 0
21.879 116.636 0.274251 -0.0101013 0.00557667 0.0646307 0.997843 0 0 0 0 0 0
22.6112 116.728 0.281848 -0.0100499 0.00602787 0.0639589 0.997884 0 0 0 0 0 0
23.4118 116.833 0.289515 -0.0106278 0.00636694 0.0632368 0.997922 0 0 0 0 0 0
24.1274 116.928 0.295044 -0.0115523 0.00679695 0.0625741 0.99795 0 0 0 0 0 0
24.8967 117.028 0.297085 -0.0121907 0.00717031 0.0621006 0.99797 0 0 0 0 0 0
25.5789 117.117 0.299958 -0.0121656 0.00754594 0.0616839 0.997993 0 0 0 0 0 0
26.3192 117.212 0.303928 -0.0119885 0.00631634 0.0615174 0.998014 0 0 0 0 0 0
26.9866 117.297 0.308277 -0.0117631 0.00484968 0.0614805 0.998027 0 0 0 0 0 0
27.6519 117.384 0.312453 -0.0126612 0.00398092 0.0614085 0.998025 0 0 0 0 0 0
28.3818 117.478 0.318652 -0.012472 0.00354497 0.061293 0.998036 0 0 0 0 0 0
29.0436 117.559 0.323339 -0.0119098 0.00365218 0.0612516 0.998045 0 0 0 0 0 0
29.77 117.65 0.326987 -0.011486 0.00417761 0.0610906 0.998057 0 0 0 0 0 0
30.4216 117.737 0.329511 -0.0132551 0.00369153 0.0609348 0.998047 0 0 0 0 0 0
31.1357 117.833 0.334021 -0.0146848 0.00371786 0.0609841 0.998024 0 0 0 0 0 0
31.7829 117.911 0.336051 -0.0138293 0.00449524 0.0610281 0.99803 0 0 0 0 0 0
32.4259 117.989 0.337263 -0.0134559 0.00471783 0.0606354 0.998058 0 0 0 0 0 0
33.1281 118.079 0.340997 -0.015019 0.00480627 0.0589171 0.998138 0 0 0 0 0 0
33.7637 118.16 0.345522 -0.0171389 0.00480523 0.0564462 0.998247 0 0 0 0 0 0
34.4585 118.231 0.346166 -0.0155225 0.00323804 0.0533549 0.99845 0 0 0 0 0 0
35.0935 118.288 0.346663 -0.0141551 0.00173994 0.0502834 0.998633 0 0 0 0 0 0
35.7975 118.356 0.349845 -0.0146901 0.000860132 0.0464019 0.998814 0 0 0 0 0 0
36.4446 118.418 0.354642 -0.0164358 0.000999092 0.043381 0.998923 0 0 0 0 0 0
37.0956 118.471 0.36301 -0.0171509 0.00142427 0.0407645 0.999021 0 0 0 0 0 0
37.8152 118.525 0.370473 -0.0180428 0.00106161 0.0384095 0.999099 0 0 0 0 0 0
38.4771 118.576 0.374013 -0.0193344 0.00125198 0.0364983 0.999146 0 0 0 0 0 0
39.2188 118.627 0.378167 -0.0191422 0.00260637 0.0350072 0.9992 0 0 0 0 0 0
39.9023 118.671 0.382058 -0.0183514 0.00433152 0.0341397 0.999239 0 0 0 0 0 0
40.6702 118.726 0.384167 -0.01894 0.00639048 0.0331723 0.99925 0 0 0 0 0 0
41.3696 118.776 0.382039 -0.0190919 0.0060494 0.0324546 0.999273 0 0 0 0 0 0
42.0728 118.821 0.378786 -0.0184532 0.00466172 0.0320988 0.999303 0 0 0 0 0 0
42.8538 118.863 0.377898 -0.0154246 0.00281403 0.0319615 0.999366 0 0 0 0 0 0
43.568 118.898 0.378824 -0.0116772 0.00127648 0.0316264 0.999431 0 0 0 0 0 0
44.3588 118.946 0.380639 -0.0109167 0.00017412 0.0312369 0.999452 0 0 0 0 0 0
45.0814 118.995 0.385214 -0.0119775 0.0011845 0.03097 0.999448 0 0 0 0 0 0
45.8077 119.044 0.39051 -0.0125783 0.00402819 0.0310623 0.99943 0 0 0 0 0 0
46.6002 119.1 0.459243 -0.0111609 0.00495805 0.0309741 0.999446 0 0 0 0 0 0
47.3185 119.163 0.568438 -0.0110251 0.00527292 0.0305037 0.99946 0 0 0 0 0 0
48.1039 119.225 0.63658 -0.0117719 0.00484533 0.0295744 0.999481 0 0 0 0 0 0
48.8178 119.282 0.712257 -0.0119924 0.00424973 0.0284775 0.999513 0 0 0 0 0 0
49.6036 119.333 0.761281 -0.0116419 0.00441679 0.027325 0.999549 0 0 0 0 0 0
50.3246 119.377 0.816228 -0.0112746 0.00439291 0.026439 0.999577 0 0 0 0 0 0
51.0486 119.422 0.851334 -0.0114418 0.00451215 0.0254256 0.999601 0 0 0 0 0 0
51.8486 119.474 0.889944 -0.0126922 0.00419149 0.0245313 0.99961 0 0 0 0 0 0
52.578 119.516 0.916122 -0.0124854 0.00353969 0.0239254 0.99963 0 0 0 0 0 0
53.387 119.566 0.946433 -0.0133102 0.00339014 0.02354 0.999629 0 0 0 0 0 0
54.1246 119.609 0.964933 -0.0133207 0.00309785 0.0228573 0.999645 0 0 0 0 0 0
54.9442 119.655 0.987855 -0.0131802 0.00397995 0.0223062 0.999656 0 0 0 0 0 0
55.6948 119.696 1.0047 -0.014241 0.00481541 0.0217744 0.99965 0 0 0 0 0 0
56.4506 119.739 1.01831 -0.0158399 0.00565669 0.020976 0.999638 0 0 0 0 0 0
57.287 119.779 1.03367 -0.0154584 0.00613267 0.0198913 0.999664 0 0 0 0 0 0
58.0504 119.812 1.04087 -0.0148056 0.00600993 0.0190173 0.999691 0 0 0 0 0 0
58.8963 119.853 1.04371 -0.0151048 0.00542185 0.0178505 0.999712 0 0 0 0 0 0
59.6685 119.884 1.0474 -0.0147225 0.00369887 0.0170376 0.99974 0 0 0 0 0 0
60.5238 119.915 1.05454 -0.0133921 0.00165761 0.016884 0.999766 0 0 0 0 0 0
61.3073 119.944 1.05955 -0.0127253 -5.87359e-05 0.0163133 0.999786 0 0 0 0 0 0
62.0988 119.974 1.0677 -0.0120311 -0.000419779 0.0164203 0.999793 0 0 0 0 0 0
62.9781 120.002 1.07895 -0.0098885 8.69125e-05 0.0166227 0.999813 0 0 0 0 0 0
63.7833 120.034 1.08961 -0.00973741 0.00102109 0.0167135 0.999812 0 0 0 0 0 0
64.6731 120.073 1.09527 -0.00998067 0.00177455 0.0170948 0.999802 0 0 0 0 0 0
65.4872 120.109 1.10169 -0.0106123 0.00276346 0.0179421 0.999779 0 0 0 0 0 0
66.3888 120.146 1.10623 -0.0102353 0.00464974 0.0188341 0.999759 0 0 0 0 0 0
67.2119 120.182 1.10948 -0.0100586 0.00631073 0.0196907 0.999736 0 0 0 0 0 0
68.034 120.222 1.11598 -0.0108745 0.00665169 0.0205473 0.999708 0 0 0 0 0 0
68.9354 120.264 1.12533 -0.0103484 0.00465799 0.0212911 0.999709 0 0 0 0 0 0
69.7552 120.303 1.12961 -0.0100964 0.001587 0.0223216 0.999699 0 0 0 0 0 0
70.662 120.354 1.1356 -0.010715 -0.000312129 0.023184 0.999674 0 0 0 0 0 0
71.4942 120.402 1.14876 -0.0116183 0.000532396 0.0240427 0.999643 0 0 0 0 0 0
72.4133 120.452 1.1629 -0.0114602 0.00209646 0.0244932 0.999632 0 0 0 0 0 0
73.2486 120.496 1.17183 -0.0111241 0.00294346 0.0247888 0.999627 0 0 0 0 0 0
74.0819 120.542 1.17969 -0.0110604 0.00290763 0.0251387 0.999619 0 0 0 0 0 0
74.9994 120.594 1.18878 -0.0116554 0.00309493 0.0253775 0.999605 0 0 0 0 0 0
75.8339 120.638 1.19602 -0.0103975 0.00375005 0.0257229 0.999608 0 0 0 0 0 0
