-13.8328 69.2731 0.162022 -0.00350821 0.0127966 0.773732 0.633374 0 0 0 0 0 0
-14.0352 70.3455 0.154547 -0.0037128 0.0136469 0.773894 0.633157 0 0 0 0 0 0
-14.242 71.414 0.136857 -0.0038297 0.0147209 0.774018 0.632981 0 0 0 0 0 0
-14.4558 72.4875 0.126481 -0.00400872 0.0159063 0.774116 0.632831 0 0 0 0 0 0
-14.6775 73.55 0.119538 -0.00380119 0.0164841 0.774375 0.6325 0 0 0 0 0 0
-14.8959 74.6129 0.11646 -0.00278468 0.0161403 0.774667 0.632158 0 0 0 0 0 0
-15.1052 75.6627 0.115985 -0.00197763 0.0147238 0.774915 0.63189 0 0 0 0 0 0
-15.3298 76.71 0.102403 -0.00217044 0.013586 0.775075 0.631719 0 0 0 0 0 0
-15.5565 77.76 0.0890096 -0.00381008 0.0130756 0.775324 0.631417 0 0 0 0 0 0
-15.7939 78.8125 0.0742304 -0.0060782 0.013498 0.77547 0.631211 0 0 0 0 0 0
-16.0247 79.8653 0.0622903 -0.00756494 0.0143791 0.775502 0.631136 0 0 0 0 0 0
-16.2434 80.9217 0.0545506 -0.00758416 0.015083 0.775648 0.63094 0 0 0 0 0 0
-16.4586 81.9739 0.0517172 -0.0067388 0.0152139 0.775807 0.630751 0 0 0 0 0 0
-16.6816 83.0036 0.0391215 -0.00610584 0.0149929 0.775914 0.630631 0 0 0 0 0 0
-16.8919 84.0251 0.0267046 -0.00572228 0.0149353 0.776075 0.630438 0 0 0 0 0 0
-17.101 85.0397 0.013835 -0.00592427 0.0153527 0.77637 0.630063 0 0 0 0 0 0
-17.3153 86.0328 -0.00410841 -0.00648075 0.0165477 0.776535 0.629824 0 0 0 0 0 0
-17.5233 87.0076 -0.014174 -0.00709506 0.017807 0.776702 0.629576 0 0 0 0 0 0
-17.7332 87.9626 -0.0279367 -0.00707838 0.0186769 0.777119 0.629037 0 0 0 0 0 0
-17.9348 88.8968 -0.0392122 -0.00689134 0.0188783 0.777845 0.628135 0 0 0 0 0 0
-18.1366 89.8008 -0.0448019 -0.00638116 0.0184326 0.778872 0.626879 0 0 0 0 0 0
-18.3337 90.6798 -0.0584057 -0.00607563 0.0182564 0.780008 0.625474 0 0 0 0 0 0
-18.5341 91.5236 -0.0724944 -0.00627217 0.018272 0.781247 0.623923 0 0 0 0 0 0
-18.7292 92.3447 -0.0875586 -0.00671616 0.0185839 0.782379 0.622489 0 0 0 0 0 0
-18.9231 93.1515 -0.104079 -0.00721784 0.0192426 0.783332 0.621264 0 0 0 0 0 0
-19.1052 93.9439 -0.114248 -0.00786762 0.019786 0.784088 0.620284 0 0 0 0 0 0
-19.2974 94.7154 -0.121673 -0.00843648 0.0198552 0.784841 0.619322 0 0 0 0 0 0
-19.4872 95.4411 -0.126004 -0.00869165 0.0192983 0.785584 0.618393 0 0 0 0 0 0
-19.6848 96.1458 -0.129824 -0.00827462 0.0180894 0.786381 0.617422 0 0 0 0 0 0
-19.8681 96.8084 -0.132045 -0.00719442 0.0161809 0.787171 0.616481 0 0 0 0 0 0
-20.0297 97.4295 -0.138817 -0.00624219 0.0140438 0.787913 0.615594 0 0 0 0 0 0
-20.1851 98.0236 -0.138972 -0.00604509 0.0120776 0.788513 0.61487 0 0 0 0 0 0
-20.3137 98.6027 -0.150568 -0.00670586 0.0109365 0.788617 0.614751 0 0 0 0 0 0
-20.4395 99.1503 -0.166635 -0.00786248 0.0106364 0.788127 0.615371 0 0 0 0 0 0
-20.5629 99.6723 -0.168253 -0.00945981 0.0104457 0.787085 0.616684 0 0 0 0 0 0
-20.6664 100.167 -0.181369 -0.0108321 0.0108546 0.785108 0.619169 0 0 0 0 0 0
-20.7653 100.644 -0.201029 -0.0118337 0.0117682 0.782197 0.622808 0 0 0 0 0 0
-20.8609 101.1 -0.201974 -0.0124153 0.012823 0.778533 0.62735 0 0 0 0 0 0
-20.9501 101.541 -0.195891 -0.0128225 0.0136271 0.774343 0.632489 0 0 0 0 0 0
-21.0205 101.962 -0.197514 -0.0126695 0.0139518 0.769624 0.638219 0 0 0 0 0 0
-21.0697 102.364 -0.197986 -0.0117384 0.0139202 0.764228 0.64469 0 0 0 0 0 0
-21.0994 102.76 -0.202602 -0.00983356 0.0134452 0.757945 0.652106 0 0 0 0 0 0
-21.1175 103.151 -0.208777 -0.00785474 0.012515 0.750512 0.660692 0 0 0 0 0 0
-21.1193 103.54 -0.21451 -0.00630218 0.0120114 0.742149 0.670098 0 0 0 0 0 0
-21.0987 103.937 -0.219784 -0.00543197 0.0121008 0.73253 0.680606 0 0 0 0 0 0
-21.0709 104.323 -0.229809 -0.00488702 0.0128795 0.721627 0.692145 0 0 0 0 0 0
-21.0424 104.698 -0.24309 -0.00411087 0.0136046 0.709404 0.704659 0 0 0 0 0 0
-21.0069 105.07 -0.237846 -0.00348528 0.014238 0.69582 0.718067 0 0 0 0 0 0
-20.9734 105.45 -0.219816 -0.00299782 0.0148374 0.681303 0.731845 0 0 0 0 0 0
-20.9224 105.817 -0.201292 -0.00293271 0.0149591 0.665592 0.74616 0 0 0 0 0 0
-20.8478 106.173 -0.199031 -0.00375301 0.0145009 0.648486 0.761079 0 0 0 0 0 0
-20.7508 106.507 -0.217155 -0.00500505 0.0142604 0.630209 0.776278 0 0 0 0 0 0
-20.6291 106.831 -0.240546 -0.00625727 0.0142217 0.610953 0.791514 0 0 0 0 0 0
-20.4896 107.146 -0.243999 -0.00689926 0.0142357 0.591074 0.806462 0 0 0 0 0 0
-20.3439 107.46 -0.240243 -0.00660171 0.0139246 0.570723 0.820998 0 0 0 0 0 0
-20.1923 107.781 -0.240781 -0.00569493 0.0132607 0.549907 0.835101 0 0 0 0 0 0
-20.0375 108.085 -0.240876 -0.00515304 0.0116657 0.528439 0.848875 0 0 0 0 0 0
-19.8673 108.366 -0.233734 -0.00577306 0.00941291 0.50625 0.862316 0 0 0 0 0 0
-19.6757 108.632 -0.242914 -0.00732109 0.00708908 0.483008 0.875556 0 0 0 0 0 0
-19.4617 108.896 -0.276499 -0.0087444 0.00537416 0.458927 0.888415 0 0 0 0 0 0
-19.2272 109.158 -0.287536 -0.00902513 0.00530873 0.434237 0.900738 0 0 0 0 0 0
-18.9719 109.413 -0.286223 -0.00942506 0.00662176 0.409028 0.912449 0 0 0 0 0 0
-18.6971 109.655 -0.28106 -0.0102548 0.00869385 0.383291 0.92353 0 0 0 0 0 0
-18.4051 109.892 -0.296556 -0.0110549 0.0104035 0.35725 0.933886 0 0 0 0 0 0
-18.1006 110.114 -0.282648 -0.0116903 0.0119978 0.330713 0.943583 0 0 0 0 0 0
-17.7814 110.319 -0.283725 -0.0130482 0.0130033 0.303786 0.952562 0 0 0 0 0 0
-17.4421 110.509 -0.295231 -0.0148111 0.0124179 0.276989 0.960679 0 0 0 0 0 0
-17.0891 110.697 -0.316384 -0.0161883 0.010051 0.250733 0.967869 0 0 0 0 0 0
-16.7112 110.884 -0.349315 -0.0169509 0.00721773 0.225681 0.974027 0 0 0 0 0 0
-16.3374 111.077 -0.376973 -0.0157304 0.00552845 0.202086 0.979226 0 0 0 0 0 0
-15.9861 111.25 -0.390403 -0.0126128 0.00525421 0.179771 0.983614 0 0 0 0 0 0
-15.6287 111.447 -0.386251 -0.00975789 0.00535385 0.159824 0.987083 0 0 0 0 0 0
-15.2568 111.678 -0.367654 -0.00931677 0.00591521 0.142333 0.989757 0 0 0 0 0 0
-14.8684 111.932 -0.363013 -0.0116863 0.0070895 0.126771 0.991838 0 0 0 0 0 0
-14.4621 112.186 -0.380024 -0.0157866 0.00861349 0.112811 0.993454 0 0 0 0 0 0
-14.0325 112.397 -0.390735 -0.0176792 0.0101311 0.0999929 0.994779 0 0 0 0 0 0
-13.5529 112.58 -0.397297 -0.0165641 0.0108805 0.0885998 0.99587 0 0 0 0 0 0
-13.0343 112.719 -0.381706 -0.0128099 0.010448 0.0784644 0.99678 0 0 0 0 0 0
-12.4666 112.835 -0.380591 -0.00880929 0.0086834 0.0700542 0.997467 0 0 0 0 0 0
-11.893 112.94 -0.398708 -0.00684874 0.00644488 0.0628072 0.997981 0 0 0 0 0 0
-11.2899 113.056 -0.43992 -0.0064353 0.00500539 0.0575483 0.998309 0 0 0 0 0 0
-10.6557 113.171 -0.467777 -0.00636269 0.00502557 0.0542448 0.998495 0 0 0 0 0 0
-10.0222 113.292 -0.472709 -0.00631934 0.00603615 0.0525361 0.998581 0 0 0 0 0 0
-9.36258 113.417 -0.441303 -0.00640679 0.00687182 0.0526758 0.998568 0 0 0 0 0 0
-8.70008 113.521 -0.437313 -0.00694909 0.00721218 0.0541734 0.998481 0 0 0 0 0 0
-8.01485 113.607 -0.440028 -0.00755859 0.00706604 0.0555359 0.998403 0 0 0 0 0 0
-7.30421 113.682 -0.451306 -0.00780843 0.00639742 0.0565431 0.998349 0 0 0 0 0 0
-6.57221 113.739 -0.44672 -0.00878168 0.00599879 0.0572437 0.998304 0 0 0 0 0 0
-5.82217 113.812 -0.438376 -0.00947486 0.00615982 0.0576719 0.998272 0 0 0 0 0 0
-5.06042 113.882 -0.450045 -0.00976132 0.00676821 0.058067 0.998242 0 0 0 0 0 0
-4.275 113.953 -0.456025 -0.00953428 0.00776991 0.0582607 0.998226 0 0 0 0 0 0
-3.48521 114.038 -0.461301 -0.00987376 0.00868744 0.058038 0.998228 0 0 0 0 0 0
-2.69544 114.135 -0.474565 -0.0113509 0.00930211 0.0576092 0.998231 0 0 0 0 0 0
-1.90724 114.225 -0.494157 -0.0121336 0.0100663 0.0567589 0.998263 0 0 0 0 0 0
-1.10858 114.32 -0.500872 -0.0121438 0.0110114 0.0558837 0.998303 0 0 0 0 0 0
-0.299669 114.416 -0.510246 -0.0118591 0.0118447 0.0551022 0.99834 0 0 0 0 0 0
0.510257 114.517 -0.520504 -0.0115943 0.0114007 0.0545049 0.998381 0 0 0 0 0 0
1.3275 114.622 -0.518213 -0.0113516 0.0098943 0.0540321 0.998426 0 0 0 0 0 0
2.16218 114.733 -0.526289 -0.010511 0.00786274 0.0535627 0.998478 0 0 0 0 0 0
3.02037 114.824 -0.538908 -0.011023 0.00711012 0.0529133 0.998513 0 0 0 0 0 0
3.88866 114.931 -0.545582 -0.0125583 0.00779231 0.0524349 0.998515 0 0 0 0 0 0
4.76417 115.049 -0.560976 -0.014222 0.0099293 0.0521278 0.99849 0 0 0 0 0 0
5.63411 115.165 -0.588319 -0.0158318 0.0128214 0.0518449 0.998447 0 0 0 0 0 0
6.49422 115.286 -0.617968 -0.0176804 0.0150742 0.0516829 0.998393 0 0 0 0 0 0
7.33372 115.368 -0.641089 -0.0169255 0.0152003 0.051705 0.998403 0 0 0 0 0 0
8.16765 115.449 -0.62089 -0.0151522 0.0124977 0.0520193 0.998453 0 0 0 0 0 0
8.99856 115.525 -0.612018 -0.0140019 0.00914934 0.052549 0.998478 0 0 0 0 0 0
9.81009 115.613 -0.612613 -0.0134094 0.00650945 0.0531188 0.998477 0 0 0 0 0 0
10.6337 115.722 -0.617572 -0.0133676 0.00596371 0.0537576 0.998447 0 0 0 0 0 0
11.4648 115.836 -0.618886 -0.0123136 0.00709848 0.0543942 0.998418 0 0 0 0 0 0
12.2995 115.947 -0.624839 -0.011582 0.00902801 0.0546054 0.9984 0 0 0 0 0 0
13.1181 116.031 -0.63004 -0.0121103 0.010892 0.0542129 0.998397 0 0 0 0 0 0
13.9324 116.109 -0.639973 -0.013064 0.0120509 0.0535956 0.998405 0 0 0 0 0 0
14.7365 116.184 -0.649733 -0.0137049 0.0126894 0.0527946 0.998431 0 0 0 0 0 0
15.5242 116.262 -0.651881 -0.0146388 0.0125971 0.0517019 0.998476 0 0 0 0 0 0
16.3104 116.348 -0.659735 -0.0151871 0.0122529 0.0504954 0.998534 0 0 0 0 0 0
17.1146 116.441 -0.665497 -0.0160718 0.0118159 0.0493599 0.998582 0 0 0 0 0 0
17.9196 116.532 -0.671389 -0.0167404 0.0116925 0.047942 0.998641 0 0 0 0 0 0
18.7212 116.623 -0.67991 -0.0169408 0.0119241 0.0466957 0.998694 0 0 0 0 0 0
19.5175 116.725 -0.681526 -0.0166036 0.0119991 0.0458552 0.998738 0 0 0 0 0 0
20.2955 116.82 -0.683991 -0.0161269 0.0119423 0.0452632 0.998774 0 0 0 0 0 0
21.075 116.892 -0.687758 -0.0154563 0.0119237 0.0448382 0.998803 0 0 0 0 0 0
21.8481 116.945 -0.688085 -0.0149571 0.0121483 0.0443434 0.998831 0 0 0 0 0 0
22.6172 117.023 -0.68888 -0.0149085 0.0124008 0.0437606 0.998854 0 0 0 0 0 0
23.3684 117.098 -0.690941 -0.0153561 0.0127557 0.0432101 0.998867 0 0 0 0 0 0
24.1125 117.176 -0.701065 -0.0162531 0.0131838 0.042735 0.998867 0 0 0 0 0 0
24.832 117.244 -0.72979 -0.0172547 0.0135559 0.0423973 0.99886 0 0 0 0 0 0
25.5392 117.287 -0.748245 -0.0173672 0.0131887 0.0420379 0.998878 0 0 0 0 0 0
26.2352 117.322 -0.738032 -0.0170372 0.0123375 0.0420193 0.998895 0 0 0 0 0 0
26.9165 117.365 -0.722493 -0.0169762 0.011034 0.0421903 0.998904 0 0 0 0 0 0
27.5874 117.423 -0.725906 -0.0168467 0.0100738 0.0422248 0.998915 0 0 0 0 0 0
28.2602 117.491 -0.741364 -0.0166593 0.00962832 0.0423637 0.998917 0 0 0 0 0 0
28.9356 117.56 -0.759362 -0.0162662 0.00993507 0.0422433 0.998926 0 0 0 0 0 0
29.6059 117.638 -0.763826 -0.0167214 0.0102305 0.0419908 0.998926 0 0 0 0 0 0
30.2774 117.727 -0.75722 -0.0177246 0.0103647 0.0418611 0.998913 0 0 0 0 0 0
30.934 117.802 -0.759431 -0.0176824 0.0106853 0.0419616 0.998906 0 0 0 0 0 0
31.5986 117.862 -0.768637 -0.0173725 0.0110736 0.0418881 0.99891 0 0 0 0 0 0
32.2795 117.908 -0.773997 -0.0185078 0.0112513 0.0410319 0.998923 0 0 0 0 0 0
32.9639 117.946 -0.781144 -0.0202225 0.011225 0.0392195 0.998963 0 0 0 0 0 0
33.6484 117.988 -0.763948 -0.0210512 0.0103288 0.0365008 0.999059 0 0 0 0 0 0
34.3204 118.033 -0.755767 -0.0206558 0.0089988 0.0330397 0.9992 0 0 0 0 0 0
34.9912 118.08 -0.763279 -0.0209264 0.00772849 0.0290309 0.99933 0 0 0 0 0 0
35.6637 118.135 -0.766886 -0.0213173 0.00707367 0.0249124 0.999437 0 0 0 0 0 0
36.3428 118.191 -0.779551 -0.022434 0.00718083 0.0213161 0.999495 0 0 0 0 0 0
37.0388 118.248 -0.790164 -0.0228957 0.00767174 0.0186363 0.999535 0 0 0 0 0 0
37.7405 118.294 -0.795423 -0.0234758 0.00804525 0.0164339 0.999557 0 0 0 0 0 0
38.4411 118.329 -0.810036 -0.0241638 0.00882428 0.0149319 0.999558 0 0 0 0 0 0
39.1663 118.346 -0.839291 -0.0243432 0.0100725 0.014056 0.999554 0 0 0 0 0 0
39.8994 118.352 -0.850585 -0.0238595 0.0116019 0.0136273 0.999555 0 0 0 0 0 0
40.6301 118.367 -0.853174 -0.0243279 0.0124334 0.0133438 0.999538 0 0 0 0 0 0
41.3636 118.379 -0.840368 -0.0236281 0.0116125 0.0130034 0.999569 0 0 0 0 0 0
42.0986 118.386 -0.838563 -0.0212613 0.00996258 0.0128986 0.999641 0 0 0 0 0 0
42.8324 118.386 -0.841204 -0.0178166 0.008063 0.0128586 0.999726 0 0 0 0 0 0
43.5785 118.382 -0.856768 -0.0147086 0.00651815 0.0126302 0.999791 0 0 0 0 0 0
44.343 118.401 -0.863116 -0.0132885 0.00626218 0.0123437 0.999816 0 0 0 0 0 0
45.1232 118.434 -0.890495 -0.0131232 0.00748687 0.0121451 0.999812 0 0 0 0 0 0
45.9108 118.468 -0.909859 -0.0143388 0.00964644 0.0118707 0.99978 0 0 0 0 0 0
46.6705 118.514 -0.898627 -0.0155168 0.011319 0.0115593 0.999749 0 0 0 0 0 0
47.4162 118.543 -0.881134 -0.0164375 0.0116239 0.0108066 0.999739 0 0 0 0 0 0
48.1492 118.555 -0.878442 -0.0166626 0.0109467 0.0098365 0.999753 0 0 0 0 0 0
48.8811 118.564 -0.894191 -0.0163779 0.0103882 0.00891339 0.999772 0 0 0 0 0 0
49.6158 118.576 -0.903171 -0.0159388 0.0101401 0.0081374 0.999788 0 0 0 0 0 0
50.3756 118.591 -0.917032 -0.0161892 0.0101787 0.00721902 0.999791 0 0 0 0 0 0
51.1345 118.616 -0.914502 -0.0160736 0.0101979 0.00636292 0.999799 0 0 0 0 0 0
51.9071 118.645 -0.913615 -0.0163145 0.0100431 0.00557784 0.999801 0 0 0 0 0 0
52.6668 118.667 -0.910216 -0.016662 0.0096873 0.00516458 0.999801 0 0 0 0 0 0
53.435 118.69 -0.90409 -0.0166546 0.00948902 0.00458691 0.999806 0 0 0 0 0 0
54.2155 118.715 -0.908522 -0.016517 0.0097635 0.0041451 0.999807 0 0 0 0 0 0
55.006 118.728 -0.928471 -0.017319 0.0103993 0.00349861 0.99979 0 0 0 0 0 0
55.7982 118.745 -0.939571 -0.0184383 0.0114269 0.00297276 0.99976 0 0 0 0 0 0
56.5831 118.756 -0.954864 -0.0188544 0.0122642 0.00238071 0.999744 0 0 0 0 0 0
57.3853 118.753 -0.965966 -0.0183081 0.0124569 0.00141179 0.999754 0 0 0 0 0 0
58.1813 118.742 -0.97877 -0.0178654 0.0121362 0.000338339 0.999767 0 0 0 0 0 0
58.9931 118.738 -0.982365 -0.017473 0.0108703 -0.00066965 0.999788 0 0 0 0 0 0
59.7997 118.745 -0.982617 -0.0171639 0.00898776 -0.00145815 0.999811 0 0 0 0 0 0
60.6018 118.744 -0.979261 -0.0167117 0.00696294 -0.00188473 0.999834 0 0 0 0 0 0
61.4348 118.74 -0.985429 -0.0160598 0.0056851 -0.0020086 0.999853 0 0 0 0 0 0
62.2812 118.744 -0.989962 -0.0149805 0.00541333 -0.00182023 0.999872 0 0 0 0 0 0
63.1281 118.749 -0.991556 -0.0139609 0.00606957 -0.00142071 0.999883 0 0 0 0 0 0
63.9816 118.759 -0.991265 -0.0135653 0.00728214 -0.000998369 0.999881 0 0 0 0 0 0
64.8491 118.765 -0.994608 -0.0140214 0.00868958 -0.000348775 0.999864 0 0 0 0 0 0
65.7132 118.766 -1.00272 -0.0145868 0.0102636 0.00061448 0.999841 0 0 0 0 0 0
66.5661 118.768 -1.01324 -0.0148907 0.0120742 0.0016247 0.999815 0 0 0 0 0 0
67.4459 118.768 -1.02792 -0.0153785 0.0129318 0.00245132 0.999795 0 0 0 0 0 0
68.3144 118.779 -1.03852 -0.0148665 0.012382 0.00334148 0.999807 0 0 0 0 0 0
69.1702 118.792 -1.0451 -0.0142484 0.00997103 0.00418216 0.99984 0 0 0 0 0 0
70.0211 118.803 -1.02472 -0.0143643 0.00695243 0.0050358 0.99986 0 0 0 0 0 0
70.8784 118.824 -1.01346 -0.0151076 0.00536139 0.00589547 0.999854 0 0 0 0 0 0
71.7548 118.843 -1.02943 -0.0150587 0.00564301 0.00664931 0.999849 0 0 0 0 0 0
72.6234 118.855 -1.04634 -0.0140525 0.00727788 0.00708602 0.99985 0 0 0 0 0 0
73.48 118.865 -1.05637 -0.01389 0.00887777 0.00732878 0.999837 0 0 0 0 0 0
74.3397 118.884 -1.05488 -0.0148779 0.00998057 0.00736931 0.999812 0 0 0 0 0 0
